3.872614743225337861e+02 2.691560548482919444e+02
4.211916391691605099e+02 2.431762643471956551e+02
3.904467173861505103e+02 1.975676860008869937e+02
4.248176396660781506e+02 1.738767110377476115e+02
3.937435108901036074e+02 1.234722199215271417e+02
4.285657222496767531e+02 1.022439440176959948e+02
2.575494731822963672e+02 2.562598676823548089e+02
3.227486567438829184e+02 2.743348426113295204e+02
2.584684027994023268e+02 1.870173962427914773e+02
3.248255773334907417e+02 2.027704974450510633e+02
2.594183440699259222e+02 1.154381587592421141e+02
3.269753011726696741e+02 1.286975744796987442e+02
