3.880000000000000000e+02 2.700000000000000000e+02
4.210000000000000000e+02 2.430000000000000000e+02
3.910000000000000000e+02 1.970000000000000000e+02
4.250000000000000000e+02 1.740000000000000000e+02
3.940000000000000000e+02 1.240000000000000000e+02
4.280000000000000000e+02 1.020000000000000000e+02
2.580000000000000000e+02 2.570000000000000000e+02
3.210000000000000000e+02 2.730000000000000000e+02
2.590000000000000000e+02 1.870000000000000000e+02
3.250000000000000000e+02 2.030000000000000000e+02
2.590000000000000000e+02 1.150000000000000000e+02
3.270000000000000000e+02 1.290000000000000000e+02
