3.920000000000000000e+02 2.770000000000000000e+02
4.590000000000000000e+02 2.660000000000000000e+02
3.940000000000000000e+02 2.060000000000000000e+02
4.640000000000000000e+02 1.970000000000000000e+02
3.970000000000000000e+02 1.330000000000000000e+02
4.670000000000000000e+02 1.260000000000000000e+02
3.030000000000000000e+02 2.390000000000000000e+02
3.300000000000000000e+02 2.650000000000000000e+02
3.040000000000000000e+02 1.720000000000000000e+02
3.320000000000000000e+02 1.960000000000000000e+02
3.050000000000000000e+02 1.020000000000000000e+02
3.340000000000000000e+02 1.240000000000000000e+02
4.500000000000000000e+01 1.950000000000000000e+02
1.470000000000000000e+02 1.810000000000000000e+02
1.890000000000000000e+02 2.330000000000000000e+02
8.100000000000000000e+01 2.460000000000000000e+02
4.900000000000000000e+01 3.150000000000000000e+02
8.300000000000000000e+01 3.700000000000000000e+02
1.890000000000000000e+02 3.540000000000000000e+02
2.960000000000000000e+02 3.790000000000000000e+02
3.470000000000000000e+02 2.940000000000000000e+02
4.340000000000000000e+02 4.150000000000000000e+02
2.990000000000000000e+02 4.510000000000000000e+02
5.000000000000000000e+02 3.010000000000000000e+02
5.610000000000000000e+02 2.920000000000000000e+02
5.920000000000000000e+02 3.210000000000000000e+02
5.300000000000000000e+02 3.270000000000000000e+02
4.960000000000000000e+02 3.610000000000000000e+02
5.240000000000000000e+02 3.910000000000000000e+02
5.880000000000000000e+02 3.840000000000000000e+02
