3.921857398000439048e+02 2.768819030024183689e+02
4.593738288074857792e+02 2.667949119988726920e+02
3.953249851634812444e+02 2.063551247591346680e+02
4.636053987157129086e+02 1.974027699856506786e+02
3.985757180619345945e+02 1.333236500844902253e+02
4.679844148003792839e+02 1.255927059631796254e+02
3.025097095586982050e+02 2.382596093357808513e+02
3.309396686213037810e+02 2.653126833607411754e+02
3.039796006178457901e+02 1.717956493434351160e+02
3.329699440456290631e+02 1.959638254593436670e+02
3.054981633014709246e+02 1.031309079517462663e+02
3.350708918416028155e+02 1.242009855926035726e+02
